0.000000 0.000000 1000.000000 0.000000 
1.060660 1.060660 997.800000 0.000000 
3.180313 3.183645 993.400000 0.000000 
5.294956 5.311617 989.000011 0.007059 
7.402903 7.446221 984.600126 0.035412 
9.504134 9.587437 980.200519 0.092444 
11.598628 11.735244 975.801385 0.178506 
13.686364 13.889620 971.402920 0.293802 
15.767321 16.050545 967.005323 0.438440 
17.841479 18.217996 962.608792 0.612499 
19.908818 20.391953 958.213528 0.816055 
21.969317 22.572394 953.819733 1.049180 
24.022956 24.759297 949.427611 1.311944 
26.069714 26.952641 945.037367 1.604416 
28.109572 29.152404 940.649209 1.926661 
30.142509 31.358565 936.263344 2.278742 
32.168505 33.571102 931.879981 2.660721 
34.187540 35.789992 927.499332 3.072656 
36.199594 38.015215 923.121610 3.514604 
38.204648 40.246747 918.747027 3.986618 
40.202681 42.484568 914.375799 4.488750 
42.193674 44.728655 910.008142 5.021048 
44.177607 46.978985 905.644274 5.583560 
46.154461 49.235537 901.284412 6.176327 
48.124215 51.498288 896.928777 6.799393 
50.086852 53.767217 892.577590 7.452794 
52.042351 56.042300 888.231072 8.136566 
53.990692 58.323515 883.889446 8.850742 
55.931858 60.610840 879.552936 9.595353 
57.865828 62.904251 875.221767 10.370424 
59.792584 65.203727 870.896165 11.175980 
61.712106 67.509245 866.576355 12.012042 
63.624375 69.820782 862.262565 12.878630 
65.529374 72.138315 857.955023 13.775757 
67.427082 74.461822 853.653957 14.703436 
69.317481 76.791278 849.359597 15.661677 
71.200553 79.126662 845.072172 16.650484 
73.076278 81.467951 840.791912 17.669863 
74.944639 83.815120 836.519049 18.719811 
76.805617 86.168148 832.253813 19.800325 
78.659194 88.527010 827.996435 20.911399 
80.505351 90.891684 823.747147 22.053023 
82.344070 93.262146 819.506182 23.225183 
84.175333 95.638373 815.273770 24.427863 
85.999121 98.020341 811.050144 25.661042 
87.815418 100.408027 806.835536 26.924698 
89.624204 102.801408 802.630177 28.218802 
91.425462 105.200459 798.434300 29.543326 
93.219175 107.605157 794.248136 30.898235 
95.005325 110.015478 790.071917 32.283492 
96.783893 112.431399 785.905873 33.699056 
98.554862 114.852895 781.750235 35.144882 
100.318216 117.279943 777.605232 36.620923 
102.073936 119.712519 773.471095 38.127128 
103.822005 122.150598 769.348052 39.663440 
105.562407 124.594157 765.236330 41.229802 
107.295123 127.043172 761.136158 42.826151 
109.020136 129.497618 757.047761 44.452421 
110.737430 131.957472 752.971365 46.108541 
112.446988 134.422708 748.907194 47.794440 
114.148793 136.893302 744.855471 49.510039 
115.842828 139.369231 740.816418 51.255258 
117.529076 141.850470 736.790255 53.030012 
119.207521 144.336994 732.777201 54.834214 
120.878145 146.828779 728.777475 56.667770 
122.540934 149.325799 724.791292 58.530586 
124.195869 151.828032 720.818866 60.422562 
125.842936 154.335451 716.860410 62.343594 
127.482117 156.848032 712.916134 64.293576 
129.113396 159.365750 708.986248 66.272398 
130.736758 161.888580 705.070958 68.279944 
132.352186 164.416499 701.170468 70.316097 
133.959665 166.949479 697.284981 72.380736 
135.559177 169.487497 693.414696 74.473733 
137.150709 172.030528 689.559812 76.594962 
138.734244 174.578546 685.720523 78.744287 
140.309766 177.131526 681.897021 80.921574 
141.877259 179.689444 678.089496 83.126681 
143.436709 182.252273 674.298135 85.359465 
144.988100 184.819989 670.523122 87.619779 
146.531417 187.392565 666.764637 89.907471 
148.066644 189.969978 663.022859 92.222388 
149.593767 192.552201 659.297961 94.564370 
151.112769 195.139208 655.590115 96.933257 
152.623637 197.730976 651.899488 99.328883 
154.126355 200.327476 648.226245 101.751079 
155.620908 202.928685 644.570547 104.199675 
157.107283 205.534577 640.932550 106.674494 
158.585463 208.145125 637.312407 109.175357 
160.055434 210.760304 633.710268 111.702083 
161.517183 213.380088 630.126278 114.254487 
162.970694 216.004451 626.560577 116.832380 
164.415953 218.633368 623.013302 119.435570 
165.852946 221.266812 619.484586 122.063863 
167.281659 223.904758 615.974558 124.717060 
168.702078 226.547179 612.483340 127.394962 
170.114188 229.194049 609.011051 130.097363 
171.517976 231.845343 605.557807 132.824058 
172.913427 234.501034 602.123716 135.574837 
174.300529 237.161095 598.708883 138.349486 
175.679266 239.825501 595.313407 141.147792 
177.049627 242.494226 591.937384 143.969535 
178.411597 245.167242 588.580903 146.814497 
179.765162 247.844524 585.244048 149.682452 
181.110310 250.526045 581.926897 152.573176 
182.447028 253.211778 578.629525 155.486441 
183.775301 255.901698 575.351999 158.422017 
185.095117 258.595777 572.094382 161.379670 
186.406462 261.293990 568.856731 164.359166 
187.709325 263.996309 565.639096 167.360267 
189.003691 266.702707 562.441523 170.382735 
190.289549 269.413159 559.264051 173.426328 
191.566885 272.127637 556.106713 176.490804 
192.835688 274.846114 552.969537 179.575917 
194.095943 277.568564 549.852545 182.681420 
195.347640 280.294959 546.755750 185.807066 
196.590765 283.025274 543.679163 188.952604 
197.825307 285.759480 540.622785 192.117783 
199.051252 288.497552 537.586612 195.302349 
200.268590 291.239461 534.570635 198.506049 
201.477308 293.985181 531.574837 201.728626 
202.677394 296.734685 528.599195 204.969824 
203.868836 299.487946 525.643678 208.229385 
205.051623 302.244935 522.708251 211.507049 
206.225742 305.005628 519.792870 214.802558 
207.391183 307.769995 516.897486 218.115650 
208.547934 310.538010 514.022042 221.446063 
209.695982 313.309645 511.166476 224.793535 
210.835318 316.084873 508.330716 228.157803 
211.965930 318.863667 505.514687 231.538604 
213.087806 321.645999 502.718304 234.935673 
214.200936 324.431842 499.941478 238.348748 
215.305308 327.221168 497.184110 241.777562 
216.400912 330.013949 494.446096 245.221851 
217.487737 332.810159 491.727325 248.681350 
218.565772 335.609770 489.027679 252.155795 
219.635006 338.412753 486.347033 255.644920 
220.695429 341.219082 483.685255 259.148461 
221.747031 344.028728 481.042206 262.666153 
222.789801 346.841664 478.417740 266.197731 
223.823728 349.657862 475.811704 269.742932 
224.848803 352.477294 473.223940 273.301492 
225.865016 355.299933 470.654280 276.873148 
226.872356 358.125751 468.102552 280.457637 
227.870813 360.954719 465.568575 284.054698 
228.860378 363.786810 463.052164 287.664069 
229.841041 366.621995 460.553123 291.285489 
230.812792 369.460248 458.071254 294.918700 
231.775622 372.301539 455.606350 298.563442 
232.729520 375.145841 453.158197 302.219457 
233.674479 377.993126 450.726575 305.886488 
234.610488 380.843366 448.311259 309.564280 
235.537537 383.696532 445.912015 313.252578 
236.455619 386.552596 443.528605 316.951128 
237.364724 389.411531 441.160784 320.659677 
238.264843 392.273307 438.808301 324.377975 
239.155966 395.137897 436.470897 328.105772 
240.038086 398.005273 434.148311 331.842818 
240.911193 400.875405 431.840271 335.588867 
241.775280 403.748267 429.546505 339.343673 
242.630337 406.623829 427.266731 343.106991 
243.476355 409.502063 425.000663 346.878579 
244.313328 412.382940 422.748009 350.658194 
245.141245 415.266433 420.508473 354.445597 
245.960100 418.152512 418.281752 358.240549 
246.769884 421.041150 416.067540 362.042813 
247.570589 423.932317 413.865524 365.852154 
248.362207 426.825986 411.675389 369.668338 
249.144731 429.722127 409.496812 373.491133 
249.918152 432.620713 407.329468 377.320308 
250.682463 435.521714 405.173027 381.155634 
251.437657 438.425101 403.027154 384.996883 
252.183725 441.330847 400.891512 388.843830 
252.920662 444.238923 398.765760 392.696250 
253.648459 447.149299 396.649550 396.553922 
254.367109 450.061947 394.542536 400.416624 
255.076605 452.976839 392.444364 404.284136 
255.776940 455.893945 390.354681 408.156241 
256.468107 458.813237 388.273128 412.032724 
257.150100 461.734686 386.199345 415.913369 
257.822912 464.658263 384.132971 419.797964 
258.486535 467.583939 382.073640 423.686298 
259.140964 470.511686 380.020985 427.578161 
259.786192 473.441474 377.974640 431.473345 
260.422213 476.373275 375.934235 435.371644 
261.049019 479.307059 373.899400 439.272854 
261.666606 482.242798 371.869762 443.176770 
262.274968 485.180463 369.844952 447.083193 
262.874097 488.120025 367.824596 450.991921 
263.463988 491.061454 365.808323 454.902757 
264.044636 494.004722 363.795761 458.815504 
264.616034 496.949799 361.786539 462.729968 
265.178177 499.896657 359.780288 466.645954 
265.731060 502.845267 357.776638 470.563273 
266.274677 505.795599 355.775222 474.481734 
266.809022 508.747624 353.775675 478.401149 
267.334090 511.701314 351.777635 482.321331 
267.849877 514.656638 349.780740 486.242098 
268.356377 517.613568 347.784634 490.163266 
268.853585 520.572075 345.788962 494.084655 
269.341495 523.532129 343.793374 498.006087 
269.820105 526.493701 341.797524 501.927386 
270.289407 529.456763 339.801070 505.848377 
270.749399 532.421284 337.803676 509.768889 
271.200075 535.387235 335.805010 513.688753 
271.641432 538.354588 333.804746 517.607802 
272.073463 541.323313 331.802565 521.525872 
272.496167 544.293380 329.798155 525.442802 
272.909537 547.264761 327.791210 529.358433 
273.313570 550.237425 325.781432 533.272611 
273.708263 553.211345 323.768531 537.185184 
274.093611 556.186489 321.752226 541.096003 
274.469610 559.162830 319.732245 545.004925 
274.836257 562.140336 317.708326 548.911810 
275.193548 565.118981 315.680217 552.816521 
275.541480 568.098733 313.647676 556.718927 
275.880048 571.079563 311.610476 560.618902 
276.209251 574.061442 309.568397 564.516325 
276.529084 577.044341 307.521235 568.411081 
276.839544 580.028229 305.468801 572.303060 
277.140629 583.013079 303.410917 576.192161 
277.432335 585.998859 301.347421 580.078287 
277.714660 588.985542 299.278170 583.961351 
277.987600 591.973096 297.203036 587.841275 
278.251154 594.961493 295.121908 591.717986 
278.505317 597.950703 293.034697 595.591426 
278.750089 600.940698 290.941334 599.461546 
278.985466 603.931446 288.841776 603.328307 
279.211446 606.922919 286.736002 607.191686 
279.428027 609.915087 284.624024 611.051678 
